00000000101000001000000010010011
00000010000000001000011001100011
00000000000100011000000110010011
00000010001100001000001001100011
00000000000100000000000100010011
00000000000100100000001000010011
00000000000100010000110001100011
00000000010100100000000110110011
00000000000000100000001010110011
00000000000000011000001000110011
00000000000100010000000100010011
11111110110111111111001101101111
00000000001111111010001010100011
00000000000111111000111100010011
00000000111000111000001110010011
00000000000001000000010000010011
00000001111100111000100001100011
00000000011101000000010000110011
01000001111000111000001110110011
11111111010111111111000001101111
00000000100011111010011000100011
00000000000000001000000010010011
00000000000000001000000010010011
00000000000000001000000010010011
00000000010111111010101000000011
00000000110011111010101010000011

